100 110
1 47 50
2 31 11
3 89 49
3 53 88
3 99 67
5 61 22
9 31 39
10 52 27
10 93 29
10 91 4
11 76 66
11 20 79
11 5 11
12 31 96
13 25 4
13 92 24
13 62 53
14 56 10
15 31 12
17 31 2
19 31 85
20 3 79
20 42 78
20 19 39
20 23 81
21 54 75
25 26 64
25 85 89
25 88 4
25 32 55
26 45 2
27 58 17
27 31 20
28 87 2
29 31 12
30 1 3
36 35 26
37 75 99
37 40 23
37 10 49
37 50 84
37 55 14
40 48 84
40 82 86
41 95 12
41 79 8
41 69 27
45 16 69
45 43 1
46 67 100
46 13 5
46 73 7
48 12 10
48 70 10
49 71 97
50 28 27
52 51 21
53 14 71
53 39 57
56 38 55
58 49 84
58 37 31
59 80 72
61 64 55
63 9 91
65 8 41
65 60 20
67 78 49
68 29 95
69 36 55
71 21 73
71 18 48
72 11 21
72 27 80
72 46 88
73 100 3
73 31 52
75 22 24
75 2 55
76 41 12
76 86 66
78 97 47
78 94 26
79 84 92
79 30 37
79 57 67
79 24 92
79 15 70
81 96 10
81 77 37
81 68 26
81 90 63
81 33 77
82 6 61
82 17 72
83 4 76
84 44 42
85 65 4
85 31 20
88 7 27
89 98 15
90 31 20
95 63 23
95 59 80
95 83 78
95 66 50
97 74 88
98 34 84
100 81 16
100 31 33
18 19
1 10 49
3 15 22
3 8 63
4 10 45
5 17 95
5 9 55
7 11 33
11 4 22
12 1 60
12 2 71
13 16 92
15 12 26
16 10 75
17 6 36
17 14 33
18 13 51
18 3 75
18 7 6
18 5 22
98 107
1 3 29
4 3 16
5 9 19
6 60 37
7 32 31
8 40 69
8 80 45
8 3 52
9 64 21
10 87 82
13 77 7
14 23 48
14 95 74
16 19 40
16 97 40
20 21 79
23 29 40
24 81 68
26 16 47
26 50 66
27 17 21
30 54 83
30 48 55
31 89 3
31 61 96
31 59 51
32 70 21
32 8 24
34 76 2
34 71 15
34 73 73
34 14 90
34 58 93
35 20 52
39 47 85
40 3 31
42 86 56
42 3 38
44 75 15
44 88 14
44 85 92
48 27 51
48 62 100
48 10 99
50 66 97
50 36 13
51 68 14
52 13 7
55 51 61
56 79 43
56 6 83
57 38 62
58 55 73
59 41 61
60 3 86
61 83 73
62 3 31
65 30 38
65 3 33
66 45 36
66 15 20
68 18 60
69 7 88
69 84 44
70 24 32
71 78 95
73 90 89
76 94 74
76 12 9
76 44 12
76 35 73
77 26 80
77 5 7
77 93 43
77 96 63
77 57 13
77 43 46
78 4 45
78 92 1
78 25 32
79 34 96
79 31 53
79 52 91
79 98 68
81 3 87
83 28 85
83 3 26
84 82 37
84 74 67
85 3 86
88 2 86
89 72 67
90 39 27
90 53 25
91 67 31
92 11 5
93 33 47
95 1 58
96 37 71
96 22 78
97 63 1
97 49 95
98 65 52
98 69 27
98 42 27
98 46 19
98 91 98
72 79
1 31 46
1 27 18
1 59 30
2 24 10
2 11 23
2 35 74
2 62 31
2 49 74
2 56 17
2 67 29
3 45 91
4 67 63
5 15 80
5 26 2
6 16 54
7 14 34
8 48 59
9 69 55
11 25 28
11 68 29
11 43 100
11 70 85
12 4 29
12 23 27
12 60 55
12 65 83
12 19 25
13 61 30
14 29 66
15 33 38
18 38 90
21 54 79
23 34 86
23 53 22
24 30 59
24 50 20
24 46 26
25 8 95
25 63 13
28 7 86
28 37 71
30 52 69
30 1 30
30 66 66
30 22 25
30 55 24
31 39 51
34 57 67
35 47 61
35 28 2
35 18 35
36 21 66
36 67 42
37 67 87
38 67 55
43 9 95
44 3 29
44 12 95
44 72 72
46 67 78
50 58 82
50 71 40
52 5 69
52 17 27
57 67 53
58 42 10
61 67 65
63 32 95
63 6 74
64 41 78
64 51 5
66 67 39
68 44 26
68 13 91
68 10 97
68 40 44
71 64 95
71 20 78
72 36 40
9 9
1 5 79
3 6 17
3 5 48
5 9 70
6 7 45
6 1 10
6 2 5
7 4 10
8 3 23
30 33
1 15 17
2 6 67
3 2 28
3 26 21
3 16 71
3 30 28
4 22 67
4 11 31
5 10 3
6 17 49
8 15 56
9 15 41
10 20 93
12 15 29
13 27 16
13 14 75
13 9 4
14 1 96
14 29 100
14 18 68
14 21 70
16 5 55
16 12 7
16 24 53
18 7 53
19 3 84
22 23 26
25 13 81
25 28 71
25 4 73
28 19 86
29 8 25
30 15 8
97 106
1 65 58
2 35 5
3 60 32
3 66 75
10 69 97
11 71 4
12 43 77
12 6 95
12 4 4
12 18 38
13 21 53
15 46 77
16 27 76
22 92 19
22 91 92
23 58 46
23 87 1
23 49 50
23 68 75
23 41 27
25 59 47
25 42 83
25 85 8
25 41 83
25 11 76
25 47 74
25 12 39
25 15 11
25 86 22
26 97 45
27 17 75
27 84 40
27 8 13
27 74 19
34 1 63
38 34 34
38 37 73
40 90 60
41 54 63
42 52 5
42 10 82
43 77 18
43 94 79
46 24 74
47 23 62
47 14 86
47 50 74
47 5 69
48 32 22
49 93 5
49 36 91
52 62 76
52 31 9
53 40 66
53 44 61
53 41 32
55 48 54
56 64 83
57 41 97
58 89 92
58 13 82
58 78 11
58 95 75
59 56 83
59 73 49
59 63 59
59 72 86
59 16 30
60 80 56
60 41 81
62 41 87
63 39 24
63 83 36
66 61 98
67 28 61
69 57 71
72 38 79
72 41 59
73 22 90
73 81 91
73 7 16
75 3 36
75 2 32
76 88 1
77 79 95
79 45 37
79 96 46
79 41 4
84 41 6
85 75 50
85 55 40
85 53 42
85 51 13
85 29 15
86 82 16
86 41 75
87 30 91
87 76 40
87 26 33
87 20 81
89 9 13
91 67 55
91 33 43
91 41 21
92 19 87
93 70 79
13 10
3 11 16
7 4 28
7 11 33
9 8 26
10 3 98
10 7 15
12 9 51
13 10 86
13 12 59
13 6 2
44 48
2 29 25
4 35 93
7 11 12
7 6 20
10 33 69
10 23 97
10 13 17
11 2 2
12 1 33
12 24 22
13 28 25
14 37 52
17 4 68
17 39 37
18 26 63
18 12 56
19 37 40
20 40 93
20 27 28
20 14 7
23 44 36
23 38 41
25 32 10
26 36 60
29 8 21
33 18 99
33 37 32
33 34 24
33 7 81
33 20 70
33 21 66
35 9 20
37 25 33
37 17 15
37 5 21
37 16 79
38 19 59
38 15 99
38 37 72
40 42 18
40 3 90
41 37 40
42 43 49
43 31 46
43 37 65
44 41 1
44 22 50
44 30 52
91 100
2 1 27
3 78 24
6 91 62
6 41 37
6 32 9
7 23 82
7 76 81
7 48 59
9 48 26
12 80 43
12 35 63
12 6 31
12 60 91
14 40 33
15 53 50
15 62 63
15 48 61
19 8 10
20 15 81
20 70 77
21 52 11
21 84 81
21 82 21
25 47 8
25 75 92
27 20 95
28 14 77
28 12 69
28 43 8
28 39 82
28 7 37
31 81 70
31 22 78
33 4 19
34 44 85
34 71 27
34 48 43
36 48 100
39 59 69
40 34 44
40 86 25
40 79 1
40 67 12
43 57 41
43 10 24
43 27 24
43 46 100
44 19 78
44 69 56
45 68 69
45 48 57
45 2 37
48 30 9
50 58 84
51 24 61
55 48 12
57 26 87
57 3 53
57 5 10
57 21 12
58 74 69
58 42 95
58 49 18
58 48 98
59 13 33
59 16 66
59 36 66
59 87 29
60 37 55
65 33 17
68 56 81
68 17 15
68 88 76
69 61 36
69 51 93
71 66 43
71 38 51
72 54 50
72 48 78
74 31 11
74 89 11
75 73 25
75 48 53
77 64 82
78 65 51
78 29 96
79 18 94
79 72 21
80 85 92
80 50 65
80 45 97
81 90 56
85 11 83
85 83 6
85 48 96
86 9 75
86 25 91
88 77 70
91 63 82
91 55 14
4 4
1 4 32
2 4 46
2 3 29
3 1 6
88 96
1 73 57
4 82 48
6 32 70
8 75 45
9 78 72
10 77 42
11 47 39
11 68 22
11 22 39
14 8 91
14 72 99
14 6 75
14 70 68
14 40 6
14 30 58
14 39 58
15 24 44
16 3 43
16 60 71
18 5 39
19 9 41
19 2 72
19 59 59
20 12 21
21 35 86
21 50 55
21 7 58
21 64 68
21 79 19
21 56 63
21 32 57
22 17 89
22 58 33
22 29 89
22 32 78
23 86 56
24 32 51
25 41 56
25 76 85
25 11 7
25 19 58
25 85 32
25 26 69
34 28 39
34 4 8
35 27 35
35 62 88
38 36 22
38 63 18
41 88 49
41 46 57
41 61 58
41 20 66
42 81 24
42 32 51
45 15 53
46 1 69
46 43 1
47 18 64
47 13 30
47 32 89
49 44 32
50 53 97
51 32 27
53 32 7
61 54 51
61 33 84
64 23 45
65 55 35
66 48 61
67 66 53
67 84 75
67 32 41
71 16 26
72 65 26
72 83 79
73 31 37
75 10 35
76 74 20
76 38 15
76 69 46
76 87 86
78 14 72
80 34 67
80 49 55
80 51 22
80 52 70
83 71 59
85 57 100
85 37 97
87 32 66
88 80 47
88 67 83
88 21 7
88 45 2
88 42 97
46 50
1 16 83
3 14 64
4 18 15
4 11 60
4 5 56
8 24 64
8 19 86
9 4 29
9 13 24
11 43 38
13 28 58
13 29 28
14 6 94
17 8 61
18 6 29
20 23 39
21 20 64
24 12 64
26 44 71
26 25 47
26 35 31
27 32 79
27 45 16
27 3 28
27 17 69
27 30 5
27 33 8
27 34 41
27 6 20
30 2 27
30 37 16
32 36 55
33 1 34
33 40 76
34 6 43
35 22 50
36 41 2
36 39 17
36 31 40
36 42 5
38 26 37
38 21 92
38 7 62
40 6 50
41 15 36
42 6 25
45 38 86
45 46 12
45 9 97
46 10 67
55 60
1 7 57
3 45 26
3 30 65
3 47 55
3 37 56
4 36 20
4 30 9
8 14 35
8 48 25
9 35 66
10 23 77
11 40 18
11 27 39
14 18 85
14 52 9
15 1 93
15 50 39
15 13 64
17 41 99
17 34 54
17 25 45
19 5 28
20 26 82
20 39 50
20 51 75
20 15 21
20 9 54
26 32 50
26 28 76
29 19 5
29 43 73
31 3 69
31 29 90
31 8 54
31 16 68
32 38 32
32 44 90
32 54 41
32 11 97
35 53 71
35 30 13
39 55 65
39 4 75
39 17 22
39 24 78
39 30 9
40 21 82
40 6 26
41 30 49
43 2 90
45 46 100
46 33 34
46 30 26
47 22 8
49 12 63
50 42 83
52 10 36
53 49 41
54 30 29
55 31 61
5 5
2 4 77
3 5 86
3 2 26
5 2 37
5 1 2
91 100
1 90 14
2 82 88
3 10 82
4 6 83
4 80 11
8 14 54
9 89 56
9 87 20
9 34 89
9 75 71
9 33 89
15 60 93
16 79 18
19 70 98
20 17 21
24 54 21
25 90 28
27 18 4
28 36 92
28 57 68
29 39 87
29 90 31
30 26 94
35 90 16
37 90 89
39 35 10
41 90 60
42 3 70
44 12 81
44 90 62
46 5 33
47 61 14
47 43 30
48 84 12
48 49 69
48 73 14
49 42 26
51 16 88
52 40 94
53 64 56
53 90 52
55 51 54
56 77 46
56 62 4
56 65 94
56 52 46
58 44 41
58 48 24
58 24 12
58 88 20
61 76 98
61 83 42
61 7 70
61 90 73
62 63 77
62 55 54
63 25 43
63 29 84
63 66 78
65 30 47
65 90 90
66 2 26
66 41 58
68 56 86
68 9 48
68 58 75
68 85 13
68 78 59
68 27 26
68 23 49
69 22 68
71 72 2
72 59 35
74 71 83
74 1 11
74 47 3
74 32 52
74 50 34
75 4 50
75 31 68
75 11 92
77 86 8
77 91 83
79 37 71
82 67 88
83 81 36
83 21 35
84 13 89
85 46 5
86 69 15
86 74 52
86 28 35
87 15 54
87 90 8
87 45 8
87 19 24
89 38 13
90 8 16
90 20 97
91 53 67
96 105
1 70 24
1 66 9
1 73 23
3 25 74
5 89 85
6 77 50
6 47 66
6 33 57
6 42 19
9 17 13
11 23 82
13 72 78
14 93 3
17 83 7
18 27 69
19 82 77
21 18 38
21 90 12
22 20 90
22 2 91
23 1 2
26 51 95
26 67 4
27 93 68
28 93 41
28 88 27
29 80 68
29 21 64
29 14 23
30 36 98
30 93 18
32 24 99
32 9 89
32 8 5
33 86 44
35 38 44
37 22 62
38 68 12
40 95 26
40 91 29
40 32 95
40 58 60
41 44 12
42 57 4
48 74 14
48 6 37
48 94 30
48 93 22
49 62 55
51 71 60
52 65 13
52 48 24
52 35 74
52 28 13
52 60 44
52 56 62
52 85 56
52 26 22
53 30 5
53 7 23
55 53 31
56 4 75
56 13 13
56 81 52
56 93 60
58 10 68
60 40 58
63 50 4
64 43 84
64 93 78
65 11 77
65 5 88
65 78 11
65 49 15
66 87 97
68 93 70
70 61 55
73 55 33
73 76 89
73 79 36
74 29 42
74 84 8
74 59 9
74 19 8
74 64 23
74 96 65
77 37 39
77 12 82
81 3 8
81 39 32
81 31 99
81 69 21
84 93 48
85 93 86
86 41 84
86 16 14
86 75 58
87 63 93
88 92 80
89 45 78
91 34 50
92 54 70
94 15 20
95 46 45
96 93 34
68 74
2 44 2
2 12 42
2 22 62
2 26 56
4 5 55
5 58 30
6 31 1
8 67 80
9 15 58
9 4 29
9 57 97
11 30 87
11 51 89
12 40 47
14 19 14
16 37 95
16 40 22
23 36 92
26 28 32
27 9 3
27 8 74
27 60 67
29 25 30
30 10 45
32 11 6
33 21 52
34 6 13
35 39 72
35 62 89
35 34 45
35 27 12
35 50 93
35 47 52
35 59 66
35 63 51
37 55 58
37 40 14
38 17 76
38 40 51
39 61 97
39 41 1
39 2 37
39 1 54
43 40 29
44 64 68
45 49 98
45 54 76
45 40 66
46 24 47
47 33 68
47 42 43
48 32 45
49 66 96
49 14 15
50 18 64
52 23 51
55 3 4
57 13 27
57 40 36
59 38 15
59 29 15
60 52 18
60 56 88
61 48 22
61 16 36
61 46 18
61 20 52
61 53 18
62 45 80
62 68 1
66 43 100
66 65 69
67 7 12
67 40 8
37 40
1 21 64
3 19 92
3 32 99
4 13 95
4 8 67
4 29 99
7 5 35
8 30 11
9 10 79
9 36 46
9 18 36
10 4 43
10 26 37
10 15 74
10 23 89
10 34 67
11 33 42
13 35 70
13 7 41
13 20 43
13 12 93
14 17 49
14 24 97
14 31 68
14 16 59
14 22 38
19 30 36
23 28 40
25 9 83
25 37 9
26 6 97
26 30 73
28 11 1
30 25 85
30 3 40
30 14 62
30 1 63
32 30 97
34 27 5
36 2 84
59 60
1 13 57
5 27 99
6 54 46
6 17 50
7 32 96
8 56 96
11 26 83
11 52 79
14 28 12
19 56 52
26 2 13
29 58 54
35 34 30
35 3 95
36 16 37
36 53 31
37 29 37
37 6 20
37 42 78
37 46 67
37 38 57
37 19 15
39 31 65
40 21 53
40 22 12
40 56 78
42 5 63
42 18 75
42 15 88
42 56 23
44 41 95
45 39 25
45 51 43
45 14 75
45 35 7
45 56 21
46 10 54
47 43 8
47 12 29
48 56 16
50 4 84
50 9 66
50 56 66
51 37 25
51 44 16
51 7 21
51 30 33
51 25 11
51 20 8
55 48 38
56 1 68
56 47 3
57 24 74
57 59 92
57 50 33
57 33 39
58 55 7
58 23 36
58 49 20
59 40 19
12 13
2 7 67
3 6 15
4 12 45
4 3 16
8 10 98
8 2 1
8 9 47
8 5 33
9 1 46
10 11 61
10 4 46
10 5 44
11 5 31
70 77
2 36 11
2 13 16
2 19 88
3 68 19
3 55 64
4 58 52
5 67 74
8 40 31
8 15 94
8 48 85
8 6 30
9 33 91
9 6 51
11 3 97
11 29 34
11 53 22
13 70 48
16 21 53
18 59 50
20 4 97
20 6 84
21 61 6
21 22 70
21 30 27
26 39 24
26 9 84
26 18 90
27 50 74
28 6 82
30 28 10
31 54 55
31 66 24
31 51 43
32 41 63
32 26 26
32 64 22
32 2 36
32 31 84
32 65 84
36 46 70
36 10 8
39 45 87
39 6 73
40 25 73
41 12 68
41 56 42
44 6 54
45 38 22
45 7 51
45 37 63
45 60 91
45 1 8
46 20 65
46 52 87
46 42 36
49 14 70
49 35 41
50 24 91
54 11 21
54 23 6
54 17 32
55 6 12
56 34 85
57 27 57
59 69 54
62 5 66
62 47 21
63 44 53
64 62 98
64 16 55
64 63 62
64 57 28
64 8 48
64 43 51
68 49 75
68 6 69
69 6 14
95 104
1 17 92
1 21 98
1 6 2
1 53 8
3 74 66
3 43 62
4 83 78
5 2 54
6 29 94
9 49 16
12 1 49
12 87 22
12 25 10
12 42 12
16 64 15
16 61 41
17 50 16
17 86 57
17 69 20
17 78 37
17 63 60
19 23 42
20 54 65
20 66 83
20 12 32
20 47 58
20 19 20
20 73 43
20 24 85
20 57 84
20 62 39
21 94 5
21 55 79
21 67 76
21 53 78
22 89 42
23 76 5
23 52 85
24 91 63
27 44 73
27 53 9
32 79 39
32 3 85
32 13 87
33 9 99
33 53 95
34 53 41
35 41 36
36 53 99
37 15 14
38 95 27
38 53 37
39 68 13
39 53 69
40 70 19
40 53 64
41 75 78
46 56 82
46 30 99
47 81 10
47 22 53
47 37 7
48 60 82
49 34 35
50 33 26
50 11 78
50 85 81
51 71 20
51 39 17
51 18 26
53 58 23
54 35 91
54 84 57
56 28 62
56 40 69
56 4 45
56 7 19
57 90 60
59 26 9
63 65 9
66 72 18
66 53 59
68 8 41
69 10 23
71 27 98
71 92 100
72 32 86
72 46 79
72 82 60
73 51 100
76 45 86
76 88 43
78 80 20
80 14 78
80 77 44
81 59 80
81 93 45
81 48 57
88 53 3
89 5 81
93 36 94
93 31 100
93 38 54
94 16 63
62 68
1 18 77
1 34 73
2 48 89
4 45 30
5 56 23
5 11 59
9 32 50
9 40 36
9 22 64
9 6 27
9 61 67
13 35 29
13 44 35
14 15 15
17 44 46
19 60 98
19 7 97
21 1 37
21 29 61
21 44 6
22 31 15
24 47 56
25 53 85
25 21 37
25 9 99
25 37 89
26 38 54
26 23 23
27 17 61
28 19 69
29 10 78
29 43 62
30 3 63
32 20 9
33 44 43
37 44 58
39 26 29
42 44 3
44 57 95
44 24 74
46 44 11
48 54 17
49 62 57
49 16 54
49 12 68
51 5 11
51 14 32
52 25 95
52 58 84
52 42 72
52 13 38
52 44 63
53 39 83
53 8 40
53 2 45
53 49 44
53 41 68
55 33 38
55 46 47
58 51 36
59 4 62
59 52 88
59 28 21
59 50 79
59 36 72
59 55 75
59 27 52
60 30 56
59 64
2 33 59
2 30 45
2 4 1
3 19 35
3 25 46
3 35 66
4 58 60
6 35 2
7 14 89
9 47 37
11 35 32
12 45 53
17 6 91
18 29 76
18 43 12
18 34 28
18 36 84
18 38 5
18 12 46
18 3 37
18 56 34
18 48 75
18 35 75
20 24 8
21 37 30
21 8 28
21 59 2
26 46 44
26 5 27
27 17 34
28 35 99
29 13 4
29 31 58
29 22 56
30 40 35
31 15 79
31 42 4
31 16 9
31 39 39
32 41 2
33 23 84
34 32 64
38 52 9
42 9 90
42 54 23
43 51 15
43 7 21
43 44 7
43 53 20
44 55 4
44 35 9
47 11 73
48 50 43
48 28 3
50 20 70
51 21 16
52 26 83
52 1 81
54 35 74
55 49 31
56 2 44
56 27 45
56 10 58
56 57 60
39 42
1 38 26
1 33 35
3 28 31
3 2 86
4 6 45
5 8 29
5 17 89
10 27 42
10 12 1
10 13 61
10 16 69
11 21 8
11 2 90
12 29 93
12 37 70
12 19 38
13 18 14
15 35 89
15 31 57
15 24 78
15 1 99
15 11 93
16 2 67
20 36 32
20 7 9
22 23 99
22 4 95
24 22 48
26 32 74
29 2 90
30 25 37
30 9 53
30 14 60
31 26 98
32 34 67
32 39 76
35 30 25
35 3 44
35 10 56
35 20 77
37 5 37
37 2 14
73 80
1 18 89
1 64 95
1 58 15
1 28 74
2 10 60
2 28 13
5 40 45
6 26 26
7 68 9
8 69 11
9 39 19
12 65 57
12 62 65
14 37 75
17 16 40
19 24 77
24 22 66
25 41 7
28 3 81
29 51 24
31 59 95
31 19 91
31 13 14
32 28 70
33 28 30
35 70 81
36 66 25
37 2 87
38 5 45
38 63 70
38 50 80
38 6 54
38 28 33
39 45 38
40 52 40
42 1 70
42 61 61
42 23 47
42 46 90
42 33 56
43 20 16
44 54 90
44 9 3
44 49 26
47 31 57
47 44 71
47 21 94
47 32 84
50 4 1
51 55 60
51 43 27
52 42 53
52 72 73
53 7 3
54 15 46
54 28 44
56 71 19
56 8 25
56 11 7
57 38 64
57 12 1
57 29 16
57 47 88
57 56 12
57 67 100
57 53 98
59 36 26
60 28 62
61 73 71
62 17 41
65 25 18
65 35 25
67 14 27
67 60 48
67 27 15
68 30 63
69 28 67
70 48 81
71 34 50
73 28 79
93 102
1 5 43
2 76 85
3 84 27
3 18 92
3 27 2
3 86 20
3 8 80
4 25 27
6 75 57
11 35 54
11 93 84
11 75 20
11 16 11
15 2 5
16 91 41
17 44 83
18 21 2
20 57 15
20 62 28
20 37 79
20 22 96
20 75 11
23 47 59
23 36 25
27 68 45
30 4 63
32 10 73
32 75 28
34 77 43
34 31 15
35 48 50
35 17 39
35 65 27
37 52 28
38 7 70
39 81 25
40 24 37
40 6 59
42 75 11
43 3 47
43 74 6
43 13 22
43 33 96
44 45 73
44 89 83
45 23 8
45 42 90
45 51 3
47 64 41
47 75 44
48 75 89
49 85 73
51 56 40
52 29 44
52 40 45
52 79 47
55 54 96
57 11 26
57 41 98
57 75 60
59 67 58
60 83 85
60 71 29
60 30 97
60 59 34
62 66 85
63 19 9
64 55 27
65 50 1
66 32 12
66 90 62
67 75 60
71 39 43
72 12 6
73 38 5
74 9 13
74 61 24
74 78 21
75 1 59
75 49 56
75 14 43
77 87 25
79 72 24
80 26 7
81 58 25
82 53 33
82 43 53
82 20 27
82 60 25
82 88 27
82 69 21
83 73 13
83 28 33
84 34 22
84 80 97
84 70 23
87 75 9
89 92 76
89 15 90
89 75 82
93 63 82
93 46 85
70 70
1 10 42
1 53 69
1 12 48
1 51 38
9 35 58
10 56 70
10 30 67
10 35 14
11 35 1
12 55 67
14 9 11
16 67 33
16 35 57
18 29 79
20 25 23
20 13 74
21 27 92
21 62 99
26 36 44
26 60 40
27 16 12
27 68 31
27 40 42
28 2 44
28 70 88
28 45 53
31 58 55
33 63 1
33 35 33
34 69 24
34 49 93
34 44 16
34 41 48
34 54 53
34 7 94
34 47 28
35 18 29
35 22 75
38 24 100
38 59 43
41 28 34
41 43 31
41 6 37
41 20 5
41 23 67
41 11 71
43 65 37
43 39 23
44 38 17
45 17 20
46 52 26
48 42 47
53 15 31
56 21 8
56 57 51
57 48 84
57 26 25
57 46 13
63 35 98
64 31 87
64 61 40
65 35 9
66 50 86
66 35 67
69 4 34
69 1 63
69 33 2
69 32 9
69 5 14
70 37 86
29 31
2 24 51
2 5 98
2 9 7
4 19 6
5 8 11
5 23 97
6 16 20
6 27 22
6 22 60
6 9 12
7 11 89
12 15 75
12 20 81
15 9 22
16 2 1
16 4 26
16 17 46
16 3 94
17 21 26
17 25 84
22 26 71
22 28 45
24 9 92
24 13 27
24 12 5
25 1 100
25 14 32
26 29 22
26 18 23
28 10 17
29 7 68
23 25
1 9 81
1 10 12
1 4 23
2 18 79
3 23 29
4 21 83
5 2 72
8 6 72
9 17 63
9 22 57
10 15 69
10 16 11
11 20 72
12 5 3
13 11 86
13 7 21
15 12 46
15 3 10
15 8 45
17 19 73
17 14 84
17 6 13
19 13 26
19 6 38
22 6 96
62 68
1 32 100
1 52 85
2 56 24
6 49 10
6 16 51
6 2 60
12 19 87
14 17 32
14 54 44
14 48 56
15 22 91
17 43 82
17 39 81
17 18 71
20 51 41
20 31 11
20 30 86
20 53 73
20 1 37
21 46 45
21 20 46
21 45 95
21 26 2
21 28 70
23 33 77
24 12 30
25 1 49
26 50 60
26 11 88
26 1 91
27 13 53
28 1 45
29 55 77
29 35 6
31 61 3
31 42 34
31 15 15
38 47 57
38 6 62
38 59 56
39 9 40
41 8 1
42 3 52
42 1 3
42 23 58
43 34 59
45 41 75
46 38 23
46 7 86
46 36 78
46 27 74
47 58 5
47 14 44
48 1 68
49 57 2
49 4 51
49 1 24
50 29 59
50 40 58
51 60 34
51 10 55
55 25 77
57 44 23
57 62 96
57 1 71
58 37 19
61 5 14
62 24 8
19 20
3 2 57
3 10 85
3 17 100
3 14 67
3 18 41
4 19 73
11 4 6
11 16 67
11 7 87
11 6 8
11 12 76
11 1 43
11 5 56
13 18 65
15 8 1
16 13 71
17 18 82
17 9 7
19 3 37
19 15 12
16 17
1 3 43
1 9 37
2 7 79
3 10 14
4 2 89
5 1 33
5 9 3
13 15 66
13 6 59
13 8 42
15 4 31
15 5 4
15 9 31
15 14 12
15 11 65
16 13 84
16 12 53
6 6
1 3 16
2 1 60
4 1 41
5 2 97
5 6 35
5 4 71
90 99
1 80 83
3 1 24
3 86 53
3 45 100
4 83 22
7 38 36
9 22 19
11 34 57
12 67 18
12 61 53
12 60 99
12 36 80
12 68 20
12 20 94
13 88 21
14 4 10
14 3 15
14 54 85
15 32 60
15 82 76
18 43 24
18 6 55
19 41 64
19 17 61
20 11 78
21 12 48
21 19 99
21 14 43
21 51 73
21 70 65
22 39 5
23 25 14
23 11 92
25 37 38
26 48 41
26 2 21
27 62 57
27 76 25
27 15 84
28 74 16
28 9 61
30 11 94
31 84 94
31 53 45
32 87 42
34 72 86
37 11 56
40 75 45
40 44 86
40 57 53
43 11 52
46 90 94
47 13 67
48 29 36
48 31 34
51 79 79
51 77 45
51 56 100
52 40 22
52 35 88
54 65 2
54 11 28
58 11 26
60 47 6
60 46 70
60 24 57
61 52 41
61 11 65
62 64 20
63 59 93
64 55 94
65 10 33
66 85 12
66 49 75
67 66 11
67 27 59
67 26 43
67 69 64
67 23 23
67 7 20
68 89 33
68 71 32
69 28 97
69 81 34
69 16 57
69 63 30
74 73 11
75 5 29
78 11 51
79 18 50
81 42 15
83 50 26
84 8 94
85 11 18
86 30 98
87 11 20
89 33 81
89 58 68
90 78 20
38 41
1 2 48
1 22 62
1 26 47
2 3 70
2 7 2
6 23 61
8 11 50
9 31 90
10 24 73
10 1 21
10 32 54
10 15 94
11 14 97
16 20 88
16 12 73
17 5 23
17 36 40
18 35 84
19 36 66
20 33 13
21 27 51
22 30 63
23 36 70
24 34 7
24 37 39
24 19 83
24 29 85
28 36 51
29 25 21
30 4 93
32 8 42
32 17 20
32 38 5
33 6 96
34 16 45
34 28 97
34 18 83
34 9 76
34 36 97
36 13 49
37 21 49
84 92
2 47 3
5 6 85
6 74 20
7 5 52
9 43 97
9 75 10
9 80 24
9 78 100
11 30 38
11 14 2
11 39 89
11 47 48
12 28 62
16 67 52
16 26 70
16 23 71
17 32 89
18 70 26
18 51 63
20 13 84
21 54 43
21 16 22
21 66 32
22 83 88
22 20 39
24 52 88
25 21 69
25 72 17
25 46 32
25 31 13
25 9 70
27 57 91
30 48 89
30 33 67
31 47 99
31 34 100
31 18 70
31 10 14
32 15 24
32 19 24
34 84 80
35 79 11
37 24 94
42 81 38
42 47 51
43 71 16
43 60 71
45 63 60
46 11 82
46 65 19
46 45 80
46 56 52
47 73 49
47 38 70
48 44 33
48 27 72
48 47 88
49 17 34
49 47 98
53 3 90
53 47 93
54 58 86
54 53 11
54 64 2
55 25 21
55 59 97
55 49 84
55 68 57
57 4 74
57 62 62
57 2 49
57 47 20
58 22 29
59 69 95
59 42 43
59 61 7
63 47 29
64 76 22
64 37 43
69 7 37
69 50 17
69 47 44
70 41 100
72 40 45
72 1 30
76 29 41
77 35 64
79 8 98
82 12 96
83 82 17
83 36 16
84 77 21
8 8
1 3 24
2 7 31
5 1 49
5 6 1
5 8 31
5 2 67
6 4 92
8 3 71
22 20
2 14 70
4 7 24
4 1 56
7 16 73
7 6 3
8 5 89
9 15 67
10 18 100
13 11 71
14 3 94
15 21 35
15 22 85
15 12 75
17 2 89
18 9 93
18 6 88
19 8 21
19 20 22
19 4 7
19 6 97
32 35
1 30 24
2 3 38
4 13 30
5 13 65
7 32 21
7 9 98
7 31 76
7 19 92
9 25 62
9 5 72
9 26 25
10 2 38
10 22 35
10 13 17
12 23 57
12 6 87
12 15 67
12 16 90
12 8 94
12 13 47
15 27 76
15 14 94
15 17 68
21 24 83
22 11 85
23 4 75
23 28 24
26 13 18
27 7 66
27 29 81
28 1 26
29 21 51
31 10 52
32 20 62
32 18 93
26 28
1 3 41
2 24 57
2 10 99
8 10 4
10 22 54
10 19 30
10 7 44
13 6 67
14 17 15
15 9 62
17 4 14
19 5 4
19 14 92
19 25 87
19 15 48
20 26 37
20 16 52
21 10 67
21 20 23
21 13 35
21 2 8
21 8 58
22 11 71
23 1 18
23 12 18
26 18 15
26 23 58
26 10 26
95 104
2 86 12
4 43 83
4 51 72
7 19 94
7 21 94
8 61 17
9 56 12
12 56 44
13 40 28
14 70 78
15 37 34
15 23 15
15 74 31
15 92 95
15 38 92
18 3 38
18 45 51
18 72 33
18 29 87
20 42 70
20 24 6
23 80 45
23 56 9
29 22 40
30 59 7
30 4 50
31 66 7
31 10 15
33 17 36
33 56 52
34 68 55
34 7 17
34 20 84
36 84 97
36 73 21
36 65 47
37 79 74
38 56 65
39 85 55
42 25 27
42 41 49
42 35 33
47 91 36
47 39 94
47 6 17
52 27 83
52 36 30
52 71 52
53 83 39
56 28 94
56 32 90
57 30 48
57 56 30
58 46 94
58 67 16
58 78 50
59 31 51
59 8 35
59 75 79
60 33 66
60 1 58
60 44 77
63 81 47
63 94 5
64 34 84
64 57 45
64 18 81
64 12 81
64 58 31
64 88 56
64 63 39
64 93 29
64 54 39
64 49 71
66 76 33
66 47 23
68 90 38
68 48 1
69 56 85
72 87 21
76 14 53
76 53 54
76 13 33
76 11 2
79 62 66
81 69 14
81 5 57
81 89 4
82 56 68
85 50 98
86 82 68
87 77 37
87 26 64
88 15 69
88 2 41
90 52 12
90 9 92
90 56 97
91 60 37
91 55 61
93 56 50
93 95 16
94 56 63
95 16 17
57 62
1 56 25
2 5 81
2 22 34
3 51 60
6 47 31
8 36 38
9 44 15
9 27 98
9 52 14
9 31 74
10 11 44
10 43 85
10 26 54
11 19 47
11 3 75
11 32 27
11 12 94
11 56 38
12 21 37
16 24 16
18 35 94
19 7 66
19 1 43
20 49 17
20 2 38
20 17 90
20 38 6
20 46 95
21 39 95
25 33 83
25 18 93
25 37 8
25 54 53
25 56 13
26 50 23
26 41 21
28 10 89
28 56 85
33 16 23
33 20 64
33 23 2
33 34 29
36 13 56
37 14 17
39 56 14
40 4 44
42 40 32
43 9 50
43 25 5
43 8 2
43 53 26
43 30 23
43 55 95
44 45 60
44 57 3
50 15 81
50 56 62
52 6 99
52 29 81
53 48 52
53 42 83
55 56 76
82 90
1 74 95
3 63 26
4 12 84
4 74 17
5 21 26
6 81 83
8 6 73
8 49 59
9 53 51
9 60 81
9 43 77
9 82 19
9 74 3
9 17 15
9 40 91
9 8 88
11 3 26
12 11 64
12 71 20
13 61 37
14 72 91
14 5 93
14 48 91
14 10 37
15 57 2
15 75 87
15 22 31
17 76 16
18 78 92
18 36 68
21 74 41
22 73 92
24 31 83
24 19 79
26 18 73
26 66 13
26 51 89
28 7 69
29 74 52
30 65 68
31 13 59
31 77 24
31 67 37
33 34 41
34 74 84
37 74 20
39 35 55
40 16 37
42 38 17
43 79 16
48 44 92
49 74 88
53 24 6
53 26 81
53 69 12
53 46 68
56 45 73
56 62 20
58 68 30
59 37 10
59 64 51
60 50 56
61 23 5
61 2 30
61 47 42
66 80 5
66 1 70
66 74 34
67 52 61
70 74 86
72 54 26
72 55 60
74 14 19
74 39 95
75 27 25
75 33 66
75 41 31
75 30 18
75 25 61
76 58 60
76 32 53
76 20 96
77 59 89
78 42 95
79 28 68
79 70 2
81 29 79
82 4 20
82 15 2
82 56 99
96 105
2 29 88
2 57 39
4 17 44
4 93 73
5 90 16
5 52 27
7 70 38
9 31 82
9 7 96
10 44 92
10 85 41
11 32 35
11 19 59
11 78 9
11 51 89
11 33 84
13 24 42
13 14 84
15 1 93
16 49 92
17 49 56
18 37 31
18 75 29
18 40 49
18 8 60
19 9 57
19 89 99
19 53 62
19 27 11
21 61 48
22 49 22
23 46 42
26 49 95
27 49 49
29 30 31
31 43 91
32 36 64
32 64 55
32 56 52
33 25 8
34 48 73
35 11 21
35 47 49
35 60 92
35 50 10
35 81 14
36 73 55
36 62 43
36 69 6
36 39 27
36 91 19
39 80 11
42 49 36
47 95 87
47 55 4
47 74 69
49 18 13
50 15 21
51 16 12
52 58 64
55 5 60
60 54 12
60 45 10
61 84 32
62 72 14
62 79 30
62 88 90
62 68 52
62 87 86
64 49 23
66 49 100
67 76 72
67 20 97
68 4 45
68 77 37
69 2 16
69 34 45
70 92 61
70 12 62
71 21 47
71 6 1
72 63 78
74 82 50
74 59 70
74 22 66
78 65 49
79 26 40
79 71 59
79 23 11
80 3 57
82 66 95
82 49 97
86 83 43
87 41 76
88 49 54
91 10 44
91 13 92
92 28 54
93 38 76
94 42 13
95 96 66
95 86 5
95 67 85
96 49 56
96 94 40
100 110
3 9 83
3 85 39
9 61 71
10 87 82
10 35 43
11 22 4
11 10 80
11 46 81
12 5 82
13 3 36
13 44 73
14 66 88
17 61 31
19 92 7
21 13 50
21 58 14
22 57 93
29 51 49
29 41 49
29 53 24
31 97 63
32 6 45
33 68 65
33 45 21
33 61 11
36 23 82
37 30 42
41 2 68
41 60 1
43 64 47
43 24 34
43 83 73
43 86 39
43 18 35
44 32 90
44 48 68
50 96 92
50 59 13
50 37 4
51 52 52
53 61 81
56 88 45
56 54 49
56 94 25
56 14 28
56 99 8
57 90 40
57 28 44
58 63 52
59 61 64
61 98 99
61 38 89
61 26 10
62 69 6
62 84 42
62 89 16
62 27 28
62 61 83
64 7 31
66 34 3
68 17 59
69 71 23
69 11 77
69 100 41
69 77 100
69 61 88
71 25 7
73 15 15
73 1 72
74 61 70
75 61 25
76 62 17
76 29 17
76 20 29
76 73 98
76 36 81
76 8 78
76 61 75
77 70 8
77 75 18
77 65 43
77 61 78
78 56 2
78 21 27
78 31 50
81 12 82
82 67 96
84 42 81
86 61 89
88 81 67
91 16 99
92 47 88
92 79 73
93 76 62
93 50 57
93 78 77
93 95 7
93 4 41
93 74 43
93 55 29
93 43 54
94 19 12
96 39 12
96 91 1
96 80 24
96 72 58
97 82 39
98 40 55
98 33 6
98 49 71
81 89
3 38 22
3 10 81
3 61 91
3 58 29
4 76 52
4 58 26
8 7 3
8 58 10
10 42 76
11 51 96
13 68 5
14 58 36
14 6 96
15 4 24
20 65 54
20 71 17
20 19 27
24 2 41
27 43 75
30 8 92
30 34 82
30 22 26
32 30 27
32 58 75
33 32 67
35 29 87
37 14 8
37 18 80
37 74 12
37 58 80
38 70 92
41 45 77
41 56 96
41 60 75
41 37 14
41 48 18
41 12 72
41 40 92
41 1 2
44 66 66
45 15 86
45 77 26
46 23 27
48 58 54
49 58 27
50 33 94
50 69 9
50 20 84
50 64 71
51 79 34
51 81 16
53 47 72
53 9 28
54 55 82
54 36 43
55 16 11
56 78 31
56 59 29
56 44 61
57 58 82
59 53 57
60 72 76
60 57 91
62 39 86
62 26 25
62 11 96
62 3 8
63 21 37
67 62 72
67 80 60
67 25 23
69 54 53
69 73 56
69 28 90
71 63 15
72 46 54
72 75 80
72 58 23
73 27 38
74 5 83
75 17 90
77 49 10
78 50 89
78 67 26
78 13 20
78 35 62
79 52 37
80 31 49
81 24 67
42 46
3 36 72
4 27 27
4 36 2
6 18 42
6 17 88
7 31 9
7 10 1
7 32 26
8 29 81
9 26 7
10 3 38
13 11 90
13 21 4
14 15 1
15 1 94
15 25 20
16 36 20
17 20 77
17 39 44
18 40 72
18 41 84
18 23 24
18 19 2
19 5 43
20 36 90
23 13 65
24 14 3
24 33 86
27 34 46
27 22 3
27 36 15
28 7 62
28 9 36
33 8 15
37 24 15
37 28 93
37 35 7
37 36 6
38 37 12
38 6 69
40 30 93
41 42 46
41 2 47
41 16 32
42 12 28
42 4 84
69 70
2 29 51
3 17 14
3 35 82
3 48 71
3 38 64
4 5 71
6 10 23
6 54 53
10 54 51
11 27 76
12 42 9
12 54 24
15 41 53
16 63 16
17 67 74
17 18 55
17 65 21
17 36 9
17 69 48
17 20 21
17 21 3
18 23 18
18 46 61
18 26 36
18 8 84
18 40 28
18 13 26
19 54 72
20 57 20
20 66 92
22 24 12
23 25 86
23 30 36
23 19 12
24 47 80
26 12 14
26 31 50
26 58 49
26 52 95
28 2 32
28 33 70
30 16 32
31 64 25
32 45 38
33 62 40
34 14 36
34 11 75
35 22 47
35 28 63
36 1 99
36 37 58
36 43 5
46 44 65
47 51 23
48 34 30
48 15 30
50 49 54
50 56 4
55 59 88
55 54 97
57 53 41
57 4 39
57 61 6
57 32 72
59 54 51
60 54 41
61 9 42
61 55 56
67 7 55
69 68 54
